1977.667   18.3     8.1
1977.75   15.4     9.0
1977.833   10.3     4.7
1977.9167    9.6     4.6
1978.0    7.5     2.0
1978.083333333    6.2     0.9
1978.166666667   10.6     3.9
1978.25   10.9     3.7
1978.333333333   17.3     7.5
1978.416666667   18.5     9.5
1978.5   18.7    11.8
1978.583333333   19.6    11.4
1978.667   18.4    10.2
1978.75   16.6     9.0
1978.833   12.5     5.7
1978.9167    8.2     3.4
1979.0    4.6    -2.9
1979.083333333    4.4    -0.4
1979.166666667    8.4     2.6
1979.25   12.3     4.7
1979.333333333   13.9     5.9
1979.416666667   18.2     9.8
1979.5   21.1    12.4
1979.583333333   18.9    11.2
1979.667   17.7     9.0
1979.75   15.5     8.7
1979.833   11.2     3.5
1979.9167   10.1     4.0
1980.0    6.0    -0.8
1980.083333333    9.9     4.4
1980.166666667    8.8     2.8
1980.25   14.4     4.5
1980.333333333   17.7     7.4
1980.416666667   18.3    10.3
1980.5   19.0    11.2
1980.583333333   20.0    12.6
1980.667   18.5    11.8
1980.75   13.3     5.8
1980.833    9.8     5.1
1980.9167    9.5     3.3
1981.0    8.8     2.6
1981.083333333    6.8     0.7
1981.166666667   11.6     6.7
1981.25   13.2     5.3
1981.333333333   15.4     7.9
1981.416666667   17.8    10.6
1981.5   20.0    12.7
1981.583333333   22.1    12.1
1981.667   19.3    10.9
1981.75   12.6     5.5
1981.833   11.4     5.2
1981.9167    5.7    -0.3
1982.0    6.5     0.9
1982.083333333    8.8     3.3
1982.166666667   10.5     3.2
1982.25   14.2     4.7
1982.333333333   17.3     6.8
1982.416666667   20.9    12.2
1982.5   21.6    13.2
1982.583333333   20.1    12.4
1982.667   19.1    11.0
1982.75   13.9     7.9
1982.833   11.3     6.2
1982.9167    8.4     2.3
1983.0   10.2     4.4
1983.083333333    5.5     0.3
1983.166666667   10.3     4.1
1983.25   11.8     3.5
1983.333333333   14.2     7.8
1983.416666667   19.2    11.2
1983.5   25.9    15.1
1983.583333333   23.5    13.2
1983.667   17.1    11.0
1983.75   14.5     7.8
1983.833   10.9     5.9
1983.9167    9.9     3.5
1984.0    8.3     1.6
1984.083333333    7.9     1.8
1984.166666667    9.2     2.6
1984.25   14.8     3.7
1984.333333333   16.1     6.8
1984.416666667   20.9    10.6
1984.5   23.1    12.5
1984.583333333   23.3    13.8
1984.667   18.3    11.0
1984.75   15.3     8.9
1984.833   11.6     5.8
1984.9167    9.6     2.6
1985.0    5.4    -1.5
1985.083333333    6.6     0.2
1985.166666667    9.6     1.9
1985.25   13.3     5.6
1985.333333333   16.6     7.5
1985.416666667   17.4     9.7
1985.5   21.2    12.5
1985.583333333   18.4    12.3
1985.667   18.9    11.0
1985.75   14.7    8.1
1985.833    8.6    1.1
1985.9167   10.2    4.9
1986.0    7.6    2.1
1986.083333333    2.1   -2.3
1986.166666667    9.7    2.5
1986.25   10.6    2.7
1986.333333333   15.0    7.6
1986.416666667   20.5   10.8
1986.5   20.2   12.4
1986.583333333   17.9   10.6
1986.667   16.7     7.4
1986.75   15.1     6.4
1986.833   12.1     4.3
1986.9167   10.3     3.2
1987.0    4.2    -0.6
1987.083333333    7.6     1.7
1987.166666667    8.6     2.3
1987.25   15.6     6.6
1987.333333333   16.1     6.8
1987.416666667   17.6    10.3
1987.5   21.4    12.3
1987.583333333   21.6    12.3
1987.667   18.6    10.5
1987.75   14.0     6.9
1987.833   10.2     4.9
1987.9167    8.4     4.5
1988.0    9.0     3.9
1988.083333333    9.3     2.0
1988.166666667   10.8     4.5
1988.25   13.4     5.1
1988.333333333   17.5     7.9
1988.416666667   19.8    11.2
1988.5   18.4    12.2
1988.583333333   19.6    11.6
1988.667   17.7    10.2
1988.75   14.4     8.4
1988.833   10.2     1.9
1988.9167   11.0     5.6
1989.0    9.9     3.7
1989.083333333   10.4     2.9
1989.166666667   11.9     4.5
1989.25   11.5     3.0
1989.333333333   19.9     9.8
1989.416666667   20.8    10.6
1989.5   24.7    14.1
1989.583333333   22.2    12.2
1989.667   19.5    10.9
1989.75   15.7     8.5
1989.833   10.7     4.3
1989.9167    8.8     3.3
1990.0   10.3     4.0
1990.083333333   11.0     5.6
1990.166666667   12.7     5.1
1990.25   14.1     3.8
1990.333333333   19.9     9.1
1990.416666667   18.0    10.8
1990.5   23.7    12.8
1990.583333333   23.5   13.4
1990.667   18.6    8.9
1990.75   16.1     9.6
1990.833   10.5     4.2
1990.9167    8.1     2.3
1991.0    7.0     1.7
1991.083333333    6.0    -0.8
1991.166666667   12.0     5.5
1991.25   12.7     5.2
1991.333333333   16.7     8.2
1991.416666667   16.4     9.4
1991.5   21.1    13.8
1991.583333333   22.2    13.3
1991.667   20.1    10.8
1991.75   13.6     7.2
1991.833   10.6     3.8
1991.9167    8.0     3.1
1992.0    6.7     1.8
1992.083333333    9.2     2.6
1992.166666667   11.3     4.9
1992.25   13.0     5.7
1992.333333333   19.3     9.5
1992.416666667   22.3    11.1
1992.5   20.9    13.4
1992.583333333   19.4    12.4
1992.667   17.3    10.6
1992.75   12.0     4.6
1992.833   11.3     4.4
1992.9167    7.3     2.1
1993.0   10.1     3.6
1993.083333333    8.2     3.0
1993.166666667   10.9     3.6
1993.25   13.5     6.9
1993.333333333   16.1     8.4
1993.416666667   20.6    11.5
1993.5   20.0    11.9
1993.583333333   19.6    11.0
1993.667   17.4     9.1
1993.75   12.5     5.8
1993.833    9.1     2.8
1993.9167    9.6     3.6
1994.0    9.0     3.4
1994.083333333    7.3     1.3
1994.166666667   11.3     5.4
1994.25   13.0     5.1
1994.333333333   15.5     8.4
1994.416666667   19.3    10.7
1994.5   23.1    13.6
1994.583333333   20.5    12.5
1994.667   16.9    10.0
1994.75   14.8     6.7
1994.833   13.3     8.6
1994.9167   10.6     4.6
1995.0    8.9     2.9
1995.083333333   10.5     4.5
1995.166666667   10.7     2.1
1995.25   14.3     6.0
1995.333333333   17.3     7.3
1995.416666667   20.3    10.8
1995.5   23.4    14.3
1995.583333333   26.0    14.5
1995.667   18.4    10.0
1995.75   17.0    10.5
1995.833   12.0     5.0
1995.9167    5.8     1.0
1996.0    6.9     3.4
1996.083333333    6.9     0.3
1996.166666667    8.8     2.9
1996.25   13.8     5.1
1996.333333333   14.4     6.0
1996.416666667   20.7   9.9
1996.5   22.1    12.6
1996.583333333   22.0    12.4
1996.667   18.9    10.6
1996.75   15.5     8.9
1996.833   10.3     3.0
1996.9167    6.8     1.4
1997.0    5.8    -0.1
1997.083333333   10.6     3.9
1997.166666667   12.2     5.0
1997.25   15.1     4.9
1997.333333333   17.2     7.8
1997.416666667   18.9    11.6
1997.5   22.1    12.5
1997.583333333   23.3    15.5
1997.667   19.0    10.9
1997.75   15.1     7.3
1997.833   12.4     6.1
1997.9167    9.9     3.3
1998.0    8.8     2.7
1998.083333333   11.6     3.3
1998.166666667   12.3     5.8
1998.25   12.2     5.5
1998.333333333   19.2    10.4
1998.416666667   18.1    12.0
1998.5   19.8    12.3
1998.583333333   20.9    12.4
1998.667   19.1    11.5
1998.75   14.6    7.8
1998.833   10.6     3.4
1998.9167    9.6     1.9
1999.0   10.2     2.3
1999.083333333    9.1     2.8
1999.166666667   11.8     3.6
1999.25   13.8     5.7
1999.333333333   17.5     9.5
1999.416666667   19.1     8.9
1999.5   23.1    13.0
1999.583333333   21.3    12.7
1999.667   20.2    10.9
1999.75   15.2     7.3
1999.833   11.8     4.5
1999.9167    9.3     2.2
2000.0    8.5     1.2
2000.083333333   10.4     3.0
2000.166666667   11.8     4.1
2000.25   12.3     4.5
2000.333333333   17.2     8.1
2000.416666667   20.2    11.2
2000.5   20.8    12.4
2000.583333333   21.9    13.0
2000.667   19.3    11.4
2000.75   15.0     7.1
2000.833   11.1     3.2
2000.9167    9.9     4.6
2001.0    7.8     1.8
2001.083333333   10.1     1.7
2001.166666667    9.5     2.8
2001.25   12.9     4.5
2001.333333333   18.1     8.7
2001.416666667   20.2    10.2
2001.5   21.6    13.1
2001.583333333   21.1    13.6
2001.667   18.5    10.5
2001.75   17.2    11.0
2001.833   12.2     4.0
2001.9167    8.4     1.3
2002.0    9.8     3.7
2002.083333333   11.1     4.6
2002.166666667   12.5     5.0
2002.25   14.6    5.6
2002.333333333   16.5    8.5
2002.416666667   18.4   10.6
2002.5   20.5   12.5
2002.583333333   21.7   12.9
2002.667   19.6   10.7
2002.75   14.7    7.1
2002.833   12.8    7.1
2002.9167    8.9    4.6
2003.0    8.6     2.3
2003.083333333    8.7     1.9
2003.166666667   13.6     4.5
2003.25   16.2     6.2
2003.333333333   16.7     8.4
2003.416666667   21.3    11.7
2003.5   22.0    13.8
2003.583333333   24.5    14.7
2003.667   20.5     9.5
2003.75   14.4     5.7
2003.833   12.5     6.0
2003.9167    9.6     3.1
2004.0    9.4     3.0
2004.083333333    9.6     2.9
2004.166666667   11.4     3.8
2004.25   14.7     6.3
2004.333333333   18.3     8.8
2004.416666667   21.2    12.3
2004.5   20.7    12.6
2004.583333333   22.3    13.7
2004.667   19.5    11.6
2004.75   15.0     8.3
2004.833   12.0     6.0
2004.9167    9.7     3.5
2005.0   10.4     3.9
2005.083333333    8.8     2.4
2005.166666667   11.6     4.8
2005.25   14.7     6.6
2005.333333333   17.2     8.3
2005.416666667   20.6    12.2
2005.5   22.2    13.9
2005.583333333   21.9   11.6
2005.667   20.4   11.6
2005.75   16.6   11.4
2005.833   10.9     3.0
2005.9167    9.3     2.4
2006.0    8.0     2.9
2006.083333333    7.7     2.3
2006.166666667    9.5     3.5
2006.25   14.1     6.2
2006.333333333   17.0     8.9
2006.416666667   21.9    11.8
2006.5   25.5    14.5
2006.583333333   21.1    13.2
2006.667   21.3    12.7
2006.75   16.8     8.8
2006.833   12.5     3.6
2006.9167   10.1     3.9
2007.0   10.5     4.2
2007.083333333   10.0     3.7
2007.166666667   12.6     4.3
2007.25   18.4    7.0
2007.333333333   17.4    8.7
2007.416666667   20.1   12.1
2007.5   19.3   12.6
2007.583333333   21.1   11.7
2007.667   18.5    10.2
2007.75   14.9     6.7
2007.833   12.0    4.9
2007.9167    9.0    2.9
2008.0   10.6    4.4
2008.083333333   10.2    2.4
2008.166666667   10.8    3.9
2008.25   13.9     4.7
2008.333333333   19.4     9.9
2008.416666667   19.7    10.5
2008.5   21.2    12.6
2008.583333333   20.3    13.1
2008.667   18.8    10.1
2008.75   15.2     6.1
2008.833   11.5     5.8
2008.9167    7.0     0.6
2009.0    6.6     0.4
2009.083333333    7.7     1.9
2009.166666667   11.0     2.6
2009.25   13.9     5.9
2009.333333333   17.1     8.5
2009.416666667   21.0    11.5
2009.5   20.2    13.1
2009.583333333   20.7    13.0
2009.667   19.1    10.6
2009.75   16.3     8.6
2009.833   12.6     6.5
2009.9167    7.2     0.4
2010.0    5.7    -1.1
2010.083333333    7.3     0.8
2010.166666667   10.8     2.8
2010.25   15.1     5.0
2010.333333333   17.1     7.5
2010.416666667   21.9    11.1
2010.5   22.0    13.7
2010.583333333   20.6    12.0
2010.667   18.6   10.2
2010.75   14.8    7.4
2010.833    9.4     2.7
2010.9167    3.9    -3.4
2011.0    7.3     1.6
2011.083333333   10.2     4.7
2011.166666667   12.0     3.8
2011.25   18.2     8.0
2011.333333333   16.8     9.0
2011.416666667   18.7    10.3
2011.5   20.7    11.8
2011.583333333   19.9    12.0
2011.667   19.4    12.1
2011.75   16.9     9.9
2011.833   13.4     7.7
2011.9167   10.2     3.7
2012.0    9.6     3.8
2012.083333333    8.5     1.7
2012.166666667   13.9     4.6
2012.25   12.5     4.4
2012.333333333   17.4     8.5
2012.416666667   17.9    11.6
2012.5   20.1    11.9
2012.583333333   20.9    13.8
2012.667   17.9     9.2
2012.75   13.9     7.0
2012.833   10.9     4.0
2012.9167    9.4     2.5
2013.0    7.3     2.4
2013.083333333    7.0     1.3
2013.166666667    7.1     1.1
2013.25   12.1     4.1
2013.333333333   16.0     6.8
2013.416666667   19.1    10.9
2013.5   25.0    14.5
2013.583333333   22.0    12.9
2013.667   18.7    10.9
2013.75   16.7    10.2
2013.833   10.8     3.1
2013.9167   10.6     3.3
2014.0    9.6     3.2
2014.083333333   10.1     4.1
2014.166666667   12.3     3.8
2014.25   15.1     6.9
2014.333333333   17.1     9.1
2014.416666667   21.3    12.1
2014.5   23.6    13.7
2014.583333333   19.9    11.4
2014.667   20.7    11.5
2014.75   16.4    10.1
2014.833   12.4     6.3
2014.9167    9.6     2.1
2015.0    9.0     2.2
2015.083333333    8.3     1.3
2015.166666667   11.0     3.5
2015.25   16.1     6.0
2015.333333333   15.9     7.9
2015.416666667   19.6    10.8